1023	37
289	149
1058	121
933	556
647	519
943	340
875	333
118	502
141	586
250	544
799	497
1177	532
53	563
1005	291
764	307
483	398
1178	19
817	472
1148	497
203	304
1182	396
152	54
84	373
972	296
1197	75
290	265
143	86
1082	582
895	583
174	6
979	560
170	47
149	38
867	54
81	468
143	72
985	314
986	164
884	513
818	470
756	470
289	323
781	308
423	397
651	587
379	178
167	70
640	500
467	169
325	569
380	195
1131	319
351	116
556	273
604	342
29	283
234	144
573	226
1049	292
284	24
807	30
720	40
162	188
483	426
736	522
646	435
158	87
897	227
849	488
667	103
969	25
205	423
388	266
1055	305
872	396
1167	203
590	18
1021	5
129	352
282	296
233	596
297	502
356	405
207	549
98	458
773	505
754	563
928	161
598	200
901	301
678	88
90	419
634	575
948	519
988	237
1176	102
350	584
798	76
515	399
4	426
220	364
842	168
1090	74
912	317
841	167
484	225
302	95
650	501
918	261
304	49
911	581
929	599
461	554
341	540
720	502
714	86
999	284
1163	196
103	371
960	401
823	336
997	540
1026	294
1150	296
309	378
145	42
280	370
803	261
999	421
413	264
809	302
445	599
740	104
316	137
933	585
158	202
812	424
978	329
597	292
1138	375
648	357
90	540
824	140
211	567
413	210
355	314
287	451
410	82
436	248
541	312
69	498
302	84
661	179
1017	295
615	123
142	148
1014	283
568	357
142	389
596	218
888	558
947	328
678	370
639	240
304	29
895	251
1179	574
1016	221
812	348
5	480
96	572
986	188
650	391
15	564
1082	51
1147	429
10	220
930	598
1088	198
1069	488
874	324
1187	212
833	535
253	13
1167	106
430	5
394	71
706	541
514	590
497	192
173	183
245	535
396	500
814	447
790	416
992	478
1098	243
913	403
665	227
561	152
135	327
686	579
301	77
232	348
347	337
699	573
963	382
84	141
193	256
501	494
319	431
957	195
1145	574
777	91
980	383
922	476
588	380
926	528
264	366
229	355
852	417
1189	217
213	509
138	458
327	10
800	590
1062	552
535	105
777	207
1092	273
1043	29
1030	54
136	599
519	385
1146	510
106	204
519	537
512	201
534	135
1166	9
5	322
731	55
9	239
620	443
914	489
625	533
1155	363
160	523
229	468
187	229
824	86
71	122
766	206
683	326
35	102
29	163
937	547
304	22
491	104
140	92
793	583
114	589
12	57
786	302
653	144
594	192
425	353
505	145
1005	548
491	477
618	128
204	424
429	185
1200	410
288	28
293	128
357	446
40	102
1011	486
1053	17
847	361
887	493
173	130
469	64
821	374
698	133
162	300
772	327
830	166
1111	96
250	1
461	570
718	523
631	288
410	79
931	474
516	368
1057	26
904	126
701	501
226	340
354	550
100	324
1030	480
981	245
1012	314
614	15
1154	73
56	269
766	145
859	281
535	248
480	491
900	34
447	582
1051	546
838	527
764	429
295	541
729	361
1102	374
938	410
63	490
256	539
800	193
734	93
895	360
590	495
1107	525
805	489
1128	188
1002	200
155	74
72	125
39	520
923	37
832	452
212	132
137	569
1156	600
1092	337
976	61
612	539
127	496
849	507
378	269
374	418
1038	229
396	344
871	371
748	465
593	281
1050	38
568	492
295	203
914	510
72	262
860	106
729	591
68	485
842	410
345	206
424	172
302	158
1	321
334	167
739	424
705	311
878	63
1181	236
1073	439
634	386
918	141
688	428
430	142
15	227
484	470
728	141
330	402
661	266
405	110
461	39
317	216
1022	498
1108	456
554	7
467	202
624	177
425	491
722	73
35	31
537	46
1037	155
252	509
522	173
926	395
530	340
881	268
709	471
586	55
459	184
1158	290
913	296
288	592
180	286
3	290
929	321
154	275
852	369
327	223
1159	124
464	203
52	369
25	511
263	562
247	522
594	160
372	79
32	525
815	314
978	172
422	20
72	450
1064	241
14	377
445	270
631	505
191	477
1140	125
767	533
945	120
161	182
1171	281
855	112
36	301
275	197
637	201
244	175
474	264
1149	379
1113	179
496	497
847	153
414	321
627	172
487	287
185	369
581	433
505	317
241	50
402	570
455	186
575	223
725	39
914	25
1159	255
562	4
5	456
513	126
63	19
408	324
78	295
548	379
185	392
314	215
206	396
1104	298
679	545
46	120
710	84
231	326
1145	246
815	546
633	235
786	145
1096	581
646	156
183	174
255	60
375	102
740	69
395	371
1130	385
1060	363
540	236
1170	290
653	493
1003	224
321	570
699	548
1076	275
337	201
791	372
42	461
931	208
147	527
841	345
375	496
256	384
644	409
318	234
85	413
53	457
838	577
398	340
913	47
900	220
482	145
302	181
992	4
719	152
21	165
551	142
912	46
516	393
13	75
975	134
306	121
968	240
212	182
926	425
385	425
88	165
766	536
157	24
352	362
1008	582
936	422
806	35
533	33
641	130
831	48
839	226
44	248
1133	130
169	174
727	343
851	26
753	386
160	257
320	462
509	423
771	105
721	581
888	72
638	29
1031	257
449	87
799	405
113	242
268	201
767	116
237	30
304	31
667	419
592	247
673	302
954	44
14	527
300	36
334	212
341	575
478	307
960	373
910	27
994	436
830	106
1128	213
922	205
48	42
23	485
518	405
614	347
1117	126
904	201
712	182
985	49
623	359
739	79
276	295
73	56
810	401
410	333
631	349
148	579
445	298
28	584
41	548
260	254
243	138
743	96
109	421
815	9
750	322
605	471
736	572
923	429
138	493
215	426
154	432
1066	284
309	139
980	34
1170	356
950	389
1075	560
103	325
939	85
657	360
808	480
461	414
668	488
254	522
1065	567
401	184
1091	361
220	261
573	279
3	68
153	176
178	578
144	436
277	9
488	56
20	152
638	413
577	430
696	257
824	216
1080	162
888	307
1007	252
1016	222
471	307
663	534
218	437
974	194
994	297
1120	310
1018	152
174	245
1063	328
1040	462
818	317
298	194
954	208
946	553
950	422
1086	599
33	313
1008	363
332	452
291	338
511	211
492	513
966	543
942	441
482	310
211	133
271	163
558	254
518	401
293	291
462	35
506	64
668	502
565	201
463	546
30	459
501	486
1002	198
385	22
853	196
551	7
789	488
396	598
545	60
643	205
534	54
587	275
351	159
7	566
849	137
408	47
809	222
654	550
1008	484
539	274
1134	233
325	270
959	456
144	85
824	35
1089	541
811	531
617	159
14	235
623	545
724	96
188	268
846	520
501	169
626	141
739	445
1001	486
1118	553
896	24
97	464
491	264
280	591
250	493
1083	22
829	52
147	513
293	522
758	557
379	551
431	513
19	437
41	339
228	227
379	398
939	303
428	348
668	188
137	390
95	305
291	99
714	495
538	123
465	294
859	40
559	589
950	249
437	269
639	504
888	593
838	320
806	380
816	198
1195	523
763	138
1068	448
620	272
822	83
426	526
326	169
621	248
207	210
228	245
192	343
1017	150
483	232
824	445
852	203
701	495
229	555
303	181
1118	271
364	196
125	9
1112	63
148	389
1072	462
954	55
661	504
827	314
901	403
39	277
700	471
744	73
97	206
501	145
215	599
617	246
209	408
1007	83
97	215
296	124
568	361
568	589
561	193
730	501
903	144
533	504
180	453
623	15
391	513
207	480
349	196
308	409
843	451
705	23
1102	259
224	170
1136	543
1092	218
1048	379
728	127
864	96
554	165
1156	476
677	166
123	38
185	152
1012	265
637	462
893	337
342	202
643	455
382	383
857	252
240	575
553	291
835	349
752	187
929	133
258	567
860	442
1065	358
624	101
279	189
952	553
742	341
623	84
367	115
32	345
182	413
763	502
487	318
892	359
1092	589
569	394
969	381
258	375
1052	45
1101	456
994	420
27	550
761	297
312	193
775	151
1099	183
409	386
107	213
47	23
1118	82
955	139
596	102
851	423
350	137
61	429
69	523
576	278
602	530
1116	473
1070	169
1192	18
446	132
1166	107
507	196
1159	452
1190	236
335	439
734	322
470	409
519	386
628	336
859	476
808	474
402	256
136	434
654	385
296	304
587	235
130	88
962	9
685	346
1142	380
781	449
373	526
1140	586
819	434
812	202
618	136
830	81
699	290
623	276
139	187
1084	302
1051	8
587	271
888	115
965	106
169	389
985	592
922	137
559	298
116	518
659	491
572	600
1140	165
892	36
305	125
61	91
771	253
262	140
924	277
635	362
945	80
1177	376
99	302
136	37
106	176
259	49
971	176
861	41
426	345
430	149
1041	326
687	564
137	134
494	165
431	269
860	150
1120	118
35	282
532	72
655	128
188	274
499	220
686	319
528	335
926	402
707	165
449	569
928	382
1028	97
270	434
70	496
721	366
736	332
285	347
481	564
843	337
136	447
265	588
884	327
807	88
81	444
815	278
1043	100
520	430
226	393
334	588
829	450
641	416
699	448
762	570
87	41
371	551
263	289
3	144
762	490
862	465
798	325
639	70
176	600
1018	329
832	240
784	549
35	355
296	251
537	492
1001	244
56	442
102	151
542	65
1171	233
355	130
486	225
714	264
64	100
936	27
913	89
441	228
971	206
845	441
1061	120
323	395
831	438
1101	261
1169	507
233	161
242	184
901	74
944	457
577	351
763	43
120	104
893	276
430	480
972	249
517	372
994	1
20	171
1148	126
240	111
1110	398
704	529
804	382
193	161
1028	567
19	473
692	404
480	23
633	525
113	572
1137	465
536	450
111	96
1179	75
583	99
909	23
741	491
695	133
337	476
942	556
274	593
297	197
1067	384
140	176
728	235
1074	466
161	75
529	544
1116	275
696	300
71	206
116	305
1189	32
381	319
752	217
580	182
833	475
368	383
826	382
1101	380
1029	316
856	101
607	508
755	201
1157	195
1198	333
1048	433
71	331
612	331
699	311
425	56
732	405
790	74
501	117
1181	580
396	380
851	588
820	566
417	454
46	180
342	28
909	392
628	231
326	456
840	83
501	417
710	403
549	442
481	185
648	453
40	308
876	327
1030	126
1186	550
582	551
600	551
1007	317
453	171
812	151
716	91
661	64
293	125
919	514
1139	20
678	548
33	257
1166	229
725	416
1057	80
347	599
470	575
877	495
307	44
606	458
688	565
674	160
740	412
891	231
9	357
91	573
247	291
631	511
18	202
525	362
741	75
856	329
144	536
691	510
368	463
32	36
154	316
644	159
547	474
487	434
375	85
504	161
262	39
22	25
111	516
492	261
735	536
7	350
443	182
1200	574
321	313
1043	155
371	294
51	440
1151	172
947	590
52	398
765	167
613	195
174	363
375	367
476	551
567	309
1018	9
1101	571
865	358
286	363
86	128
826	407
408	568
1104	295
960	433
681	344
834	56
572	478
1013	133
973	268
929	231
719	539
24	389
940	5
1094	139
432	304
835	520
798	502
362	214
1125	286
733	340
645	7
815	51
1124	305
366	242
398	346
337	403
1117	382
870	363
217	318
5	19
734	192
505	592
986	10
539	576
763	365
1114	229
464	36
721	480
1148	140
1093	254
855	542
814	149
481	431
181	91
34	124
789	457
466	373
355	569
979	589
187	327
749	572
139	312
6	362
1196	203
883	477
715	37
421	49
663	304
855	112
214	28
929	420
860	383
970	293
46	40
371	148
1141	123
42	207
538	393
795	318
997	28
1091	534
79	269
231	177
423	276
1190	178
471	98
1083	462
715	193
811	394
342	407
865	478
1005	600
575	472
849	223
982	246
277	456
1130	552
139	195
418	170
163	114
1111	162
910	41
344	464
967	428
765	214
207	82
1191	583
16	254
82	558
1157	400
1175	74
500	272
169	476
514	443
1157	267
877	54
470	54
906	35
6	192
438	239
515	13
562	407
247	24
1173	351
841	237
458	1
162	380
617	426
1194	231
437	204
1094	366
882	29
274	222
516	385
706	533
764	409
870	411
1179	453
512	299
644	491
924	200
139	70
1165	67
123	566
1115	217
601	576
629	536
991	237
370	443
177	27
1023	20
1042	332
867	323
1142	404
171	586
370	412
501	73
1024	48
78	35
111	281
744	160
247	211
633	220
1141	288
541	294
937	534
72	332
448	388
163	568
280	171
301	595
900	211
938	194
252	130
259	595
846	354
393	595
737	379
907	86
816	195
778	438
846	4
301	273
915	571
282	541
363	447
258	508
531	520
158	230
57	354
293	44
545	190
220	4
901	147
32	305
1103	295
866	95
1075	273
1152	326
847	592
638	254
1178	509
732	485
582	320
968	95
342	169
649	64
1173	481
245	562
215	58
87	212
853	42
626	271
470	11
791	232
345	151
269	450
18	474
795	464
791	563
543	89
323	593
146	353
574	519
48	545
1129	487
960	108
1058	339
1054	444
627	534
516	441
1137	185
46	566
587	422
665	217
21	558
1006	589
391	91
468	498
944	220
376	549
109	113
485	515
202	555
510	174
554	515
466	359
671	54
1035	85
484	162
671	150
176	347
338	10
39	81
1019	536
241	395
1149	397
662	394
481	70
1057	524
398	247
85	260
552	43
294	532
1139	155
987	356
1170	186
349	141
858	553
170	277
908	593
327	557
227	130
485	230
1059	453
774	456
397	539
979	181
438	560
894	39
846	209
391	144
1097	23
215	151
778	4
1107	376
1086	304
1169	128
275	226
112	249
537	373
611	264
489	71
24	515
572	488
898	352
1166	151
1183	572
136	469
368	527
958	175
1170	101
770	532
507	115
705	101
538	342
808	81
710	363
352	382
620	198
727	552
625	406
180	521
510	258
990	207
333	170
1089	291
33	579
401	28
185	458
693	116
679	436
1064	599
1019	328
531	237
1023	567
915	114
962	490
389	248
1175	160
611	207
275	229
1125	245
871	86
720	315
675	529
972	55
144	482
1095	171
156	554
575	297
463	120
508	111
1089	55
205	235
33	91
309	563
912	344
901	290
1003	566
889	133
790	412
80	79
22	248
279	338
6	78
1036	171
1088	148
112	301
1022	141
140	384
732	4
811	526
317	161
23	22
282	376
40	118
264	150
876	328
886	122
349	67
963	115
786	56
228	38
755	270
359	81
19	61
1099	589
90	249
833	363
944	514
697	149
707	585
1165	508
54	402
306	406
279	360
238	121
711	130
1163	36
596	411
1166	254
86	199
631	362
695	180
1079	486
1079	455
929	245
340	267
166	436
185	175
498	353
1007	248
196	470
753	265
692	472
338	281
474	409
1114	273
1129	248
876	533
931	295
560	30
1109	355
359	8
1060	203
322	332
777	470
368	88
561	234
137	241
20	595
488	279
720	100
646	255
568	276
710	538
541	485
1086	225
682	421
823	309
855	191
165	15
842	374
926	406
800	576
244	122
1023	214
942	441
797	48
330	148
765	436
881	438
698	46
696	468
820	25
580	113
382	353
797	469
880	348
94	64
286	592
469	555
107	117
268	254
40	138
155	260
468	204
893	344
1123	497
3	256
1013	480
901	128
773	20
615	431
1142	234
68	543
502	227
905	81
668	146
1022	555
584	161
933	500
502	382
57	243
870	586
178	481
28	597
204	138
450	277
221	500
494	111
1017	498
967	238
192	525
421	440
672	423
698	260
67	125
1182	550
815	509
17	462
293	406
701	429
574	175
99	279
145	103
654	225
628	20
1163	154
816	16
96	472
1090	284
314	63
75	42
1174	380
490	265
23	101
291	540
548	549
679	245
790	22
111	314
1020	247
756	102
453	577
1098	346
729	331
33	206
558	584
491	282
1007	296
1180	100
546	142
431	361
488	374
853	345
1146	583
750	107
446	189
320	144
395	200
609	15
538	404
704	411
1105	48
826	266
183	57
1112	63
326	128
1174	303
597	133
422	14
46	188
873	457
79	335
1034	501
365	68
583	549
998	315
509	271
1160	407
150	330
887	281
200	61
689	134
399	5
1200	438
583	413
923	270
895	409
74	391
739	355
984	446
140	535
206	573
312	575
639	457
1188	546
256	255
348	483
23	355
320	54
1039	517
219	52
300	461
939	114
647	103
339	421
42	573
1192	71
1061	486
250	328
234	8
988	179
1026	124
1164	22
795	199
371	172
460	500
1044	263
499	59
796	573
1118	122
327	244
405	155
507	184
318	365
1025	388
672	542
244	524
17	426
344	433
150	273
824	554
145	9
386	364
618	461
111	447
1096	212
774	334
726	463
638	227
309	443
754	581
125	81
22	241
139	427
42	294
119	471
674	38
1094	398
880	534
588	421
1153	115
1018	240
951	427
938	433
822	574
206	49
1078	54
321	398
552	282
962	279
1144	511
403	20
354	102
85	22
86	217
729	219
953	72
1098	239
674	579
30	426
639	592
351	155
480	233
807	169
543	545
434	286
900	346
1013	112
58	348
1038	173
60	572
1083	74
342	405
1041	127
1014	362
262	342
308	74
599	248
179	313
25	118
1138	402
268	364
116	138
976	387
987	58
759	502
28	59
1062	50
355	432
251	288
1095	16
722	555
625	349
167	286
59	536
85	170
669	317
61	558
1114	298
891	361
194	458
56	423
795	207
807	133
89	453
451	301
78	306
201	129
562	360
639	43
166	353
595	267
949	257
417	504
879	237
447	311
907	255
481	554
906	423
162	479
87	74
716	55
633	542
937	552
382	244
528	209
775	297
99	34
800	351
646	301
785	495
129	375
806	493
645	182
185	144
662	119
71	422
503	313
572	577
876	540
166	241
485	488
935	321
272	57
113	325
711	553
1132	231
143	392
517	386
1096	561
438	224
231	317
393	222
463	432
653	574
708	124
469	390
908	222
255	244
1030	597
108	131
473	41
1134	291
1040	532
701	438
543	168
973	17
86	289
956	598
922	547
1115	2
422	277
935	225
561	14
1123	165
643	317
210	124
1135	38
381	373
152	265
408	397
389	148
336	459
871	38
902	296
319	524
312	563
1119	424
361	191
723	476
727	108
106	422
246	552
894	560
336	295
881	536
194	323
258	228
601	311
1121	574
1169	524
646	432
937	587
138	196
995	187
809	155
46	209
815	103
3	99
520	432
1139	51
507	110
824	222
371	553
1022	589
1048	473
1028	466
841	79
39	89
729	564
838	142
565	489
437	255
861	374
1071	485
1155	90
159	505
782	544
299	351
1165	416
786	494
487	300
343	277
678	223
35	79
1187	259
599	96
44	164
893	163
813	45
793	22
310	247
2	4
418	497
823	132
615	118
643	136
813	356
260	314
555	517
669	452
360	326
754	483
518	588
1013	345
933	316
997	117
233	384
119	28
402	467
264	121
977	336
948	416
1003	478
443	352
679	94
994	525
775	146
698	579
1107	588
890	422
164	516
591	179
462	236
240	339
172	454
26	78
570	565
1062	254
885	194
1003	226
47	365
858	397
739	236
105	569
1083	326
228	489
407	600
775	357
82	210
10	437
883	490
320	175
479	4
366	306
348	289
229	5
749	406
3	82
277	575
620	408
812	557
763	110
998	496
1185	70
319	155
33	77
486	149
887	2
913	230
586	54
11	469
551	588
770	96
959	4
89	115
199	199
459	168
1166	14
1182	408
727	191
1108	397
99	127
643	524
145	595
884	141
477	208
51	41
719	447
212	532
233	348
301	232
1184	385
837	342
787	484
443	216
527	176
1056	391
373	480
85	196
1189	64
586	503
214	535
555	509
782	37
484	332
651	115
771	21
173	37
773	582
354	396
515	21
464	79
196	266
1123	307
907	456
7	320
329	485
876	187
377	385
9	36
693	566
736	241
1106	276
559	197
406	389
1113	364
1121	79
368	309
309	261
288	437
721	370
582	159
1038	394
60	484
1061	172
40	280
117	241
910	103
112	208
420	580
1160	237
1188	340
825	480
367	250
240	319
564	422
474	221
1046	245
1021	343
591	438
735	599
1087	419
565	596
980	536
814	300
456	53
408	147
845	493
344	5
308	46
919	349
52	42
1061	173
1045	322
327	436
467	389
742	525
684	172
439	131
440	139
539	553
809	127
158	593
1051	348
797	581
694	360
656	443
12	104
8	472
664	72
280	475
579	380
48	567
209	427
1075	584
800	148
561	344
898	149
621	185
94	310
534	40
731	506
1152	586
1098	291
737	375
472	313
735	234
1063	346
1090	151
965	568
863	432
414	534
718	372
3	129
3	67
1063	248
712	373
1176	326
326	235
549	590
111	106
466	470
394	126
609	118
473	517
139	495
157	165
510	579
1065	308
971	176
944	205
1027	227
335	222
863	379
823	454
367	58
1034	455
439	309
281	127
293	137
295	239
952	477
684	57
39	267
367	516
321	488
829	359
554	524
856	226
1100	447
343	86
490	100
1167	377
253	203
1080	329
1114	466
606	344
767	350
82	139
283	48
581	267
1064	15
1152	91
1176	61
359	339
743	451
72	442
495	90
336	334
972	79
509	478
11	207
159	527
277	393
13	177
882	67
943	498
228	30
666	76
7	467
406	171
346	440
190	550
456	226
1164	463
593	412
355	3
517	9
711	98
931	368
131	92
1126	327
753	494
340	40
999	414
251	241
353	267
492	122
849	548
214	112
196	435
541	174
610	297
346	542
836	373
479	208
115	554
937	90
836	331
190	27
1071	51
113	126
426	536
953	233
534	37
565	72
461	47
912	582
831	129
396	62
1041	426
431	112
939	321
545	367
930	218
1084	328
1160	66
812	147
920	243
974	553
963	87
612	355
483	113
844	507
376	146
592	137
350	332
251	108
487	301
1055	516
913	438
491	560
776	8
600	17
851	401
1058	107
320	95
260	260
499	264
944	20
144	348
248	36
111	149
1192	202
742	289
293	68
623	289
559	151
272	357
469	307
306	382
504	277
496	440
69	581
1030	266
646	101
104	160
832	333
774	285
406	376
1049	253
904	45
226	86
852	415
977	550
494	585
653	85
1040	435
1116	586
215	34
1040	482
426	251
384	156
737	134
273	377
567	234
845	562
564	510
28	359
559	87
925	300
705	483
462	386
657	67
411	230
354	158
807	51
881	11
1156	303
1127	285
491	488
611	341
592	477
47	194
279	94
316	325
425	495
709	585
1030	304
345	88
637	567
414	129
922	22
468	294
1032	188
543	527
115	325
220	551
1067	298
244	96
958	223
150	365
923	422
790	486
524	532
1051	151
383	515
1011	166
467	32
833	189
629	445
909	13
604	323
869	459
1068	496
1169	241
507	378
771	223
171	434
188	271
643	332
173	194
203	504
919	348
60	79
167	339
1200	81
331	265
1034	170
801	511
600	126
988	110
247	304
1001	69
786	32
972	293
126	59
296	218
477	274
114	368
815	489
68	570
468	8
987	228
338	446
960	122
586	101
554	204
143	19
900	244
32	562
546	110
642	512
1129	336
860	80
434	104
701	137
909	161
791	542
651	45
398	124
63	244
611	187
643	99
415	295
321	311
48	280
34	352
747	532
842	268
1159	113
1164	299
296	483
360	195
617	581
994	390
227	595
147	166
607	487
100	84
603	40
780	168
309	13
371	32
786	544
816	441
59	530
16	83
400	476
961	427
511	434
734	383
606	512
1015	557
1068	312
791	424
305	584
1042	265
1008	280
155	563
431	427
363	299
257	531
246	183
738	247
282	342
934	388
1142	488
941	448
377	504
220	99
1090	446
118	49
995	192
135	380
100	202
1033	25
598	568
895	470
719	11
140	376
1048	488
359	533
491	222
717	108
1099	63
569	54
892	45
1115	312
256	133
1	109
292	297
401	188
960	53
390	528
632	549
222	365
800	214
561	452
1097	117
960	511
822	177
175	78
175	470
984	19
645	31
112	378
263	299
653	326
509	328
291	545
936	57
293	335
245	460
1094	208
658	420
1008	192
482	33
983	333
893	51
326	529
190	147
950	181
1151	198
1034	270
550	359
562	469
58	56
353	184
742	20
1062	388
905	443
382	509
976	32
941	507
740	597
567	43
394	287
178	106
564	88
601	549
1170	217
843	576
332	375
1001	302
644	75
593	388
650	61
318	432
188	237
1134	255
416	511
27	43
337	274
921	439
1107	172
414	79
117	181
104	476
637	423
410	8
799	18
107	388
482	405
899	121
984	187
999	224
648	173
125	581
3	555
568	289
344	118
764	559
206	326
282	49
319	19
234	142
422	322
190	293
634	190
327	440
380	39
112	17
1042	576
1175	272
998	520
1038	441
1075	489
972	589
206	30
342	409
834	357
292	371
1185	166
249	113
559	231
35	310
117	275
232	94
129	547
1198	302
896	131
892	164
250	79
115	107
918	166
871	162
736	565
955	570
375	174
1106	315
230	271
510	483
216	249
673	71
1075	335
338	230
1062	413
1190	449
536	272
876	495
854	421
684	396
29	249
666	137
1199	183
20	190
947	423
1097	388
957	466
433	173
338	168
11	313
1129	66
127	3
1111	176
1158	392
329	2
101	311
335	285
1024	44
965	66
1019	29
698	295
1092	214
254	35
499	286
335	126
758	245
558	173
951	39
256	429
96	298
1	387
959	233
918	119
1096	82
610	97
385	577
1152	506
927	3
1025	332
23	179
482	70
15	199
400	530
275	583
118	153
4	448
284	279
618	517
66	19
938	332
20	159
418	10
705	366
118	237
647	298
1031	37
586	318
1077	574
714	167
133	368
796	588
656	35
387	501
794	316
402	331
1161	524
875	264
1131	483
1097	384
122	337
880	465
774	453
351	368
719	578
655	67
1143	415
104	56
943	403
11	259
938	241
1151	389
933	280
413	463
910	228
331	164
442	58
411	91
415	190
70	482
1102	447
64	344
250	194
435	127
505	87
142	521
221	289
1176	594
17	362
348	64
841	461
909	216
1022	279
310	356
859	371
1166	30
968	264
1160	31
582	262
26	551
765	505
877	93
1102	552
339	533
324	413
66	523
412	392
1075	56
504	552
116	385
230	594
388	496
180	461
341	386
1200	463
22	305
300	145
985	130
988	434
1141	401
776	367
849	298
30	319
1053	192
3	82
136	95
1085	378
1054	420
622	104
410	95
550	518
627	115
216	399
623	583
727	157
1026	209
31	117
155	598
525	507
1106	172
561	538
289	176
1029	146
1141	163
660	284
243	311
666	530
687	566
751	568
228	484
281	408
930	132
375	319
1132	304
320	188
202	389
129	275
341	597
872	352
313	247
535	201
779	440
13	200
808	195
400	563
1020	266
1083	92
196	419
775	314
697	487
737	384
1034	24
116	539
354	376
552	114
461	536
108	333
287	133
819	241
149	541
549	337
764	169
995	98
491	311
588	197
661	127
55	118
1197	367
1106	180
606	313
1044	504
1089	472
121	523
1017	314
439	147
117	390
249	371
394	185
517	22
712	342
662	344
303	409
398	206
880	87
946	391
967	445
948	208
9	513
998	14
1140	333
788	225
69	380
1074	195
660	262
354	454
656	230
191	76
794	189
462	433
572	234
1176	321
95	469
87	16
510	152
57	477
297	322
494	277
568	314
1121	550
724	137
7	391
908	527
1198	214
164	265
433	233
676	439
1198	530
747	125
877	176
1050	470
655	113
774	346
971	185
16	554
31	464
210	477
629	486
338	53
1068	376
288	206
470	484
632	148
32	394
498	94
463	507
384	43
239	424
441	350
572	515
351	373
25	315
927	453
478	272
16	75
172	2
748	334
265	356
50	598
1016	252
184	16
794	330
264	241
365	232
525	277
2	580
532	548
637	42
422	337
603	448
759	584
673	433
1028	523
683	383
87	40
202	135
699	220
340	462
409	21
1168	577
1049	462
349	7
1004	177
137	442
636	491
897	594
257	279
503	248
1023	586
34	334
645	422
234	364
872	226
407	599
378	256
694	559
244	393
584	576
1067	113
929	318
628	71
20	518
978	465
1199	274
1159	432
366	200
1121	549
383	169
524	209
380	299
420	309
168	405
118	194
769	36
219	497
22	562
880	151
954	336
689	251
1032	160
489	485
1199	409
107	282
362	398
437	186
1196	577
48	315
965	256
289	39
929	386
281	506
254	217
710	372
843	437
637	312
1052	147
1157	22
684	332
469	470
632	218
1072	458
650	336
934	441
817	460
429	95
1060	316
883	345
245	223
1110	499
794	514
891	143
599	347
727	346
333	331
948	475
326	73
599	230
957	524
669	6
900	185
624	475
1178	549
461	527
791	501
311	582
863	553
268	376
185	237
438	476
240	312
814	291
619	222
919	525
158	276
859	21
1024	247
390	508
801	148
1125	529
374	590
817	469
949	357
1026	502
469	302
834	523
1048	336
886	76
182	585
1191	150
125	392
1020	172
148	405
59	429
59	492
27	400
44	527
1200	147
42	460
508	275
1172	515
537	366
984	127
870	56
382	72
874	600
252	328
14	144
124	348
902	554
476	261
229	23
1021	220
1012	100
894	162
677	322
481	317
706	581
855	306
958	399
1093	71
338	236
327	90
371	435
1041	246
300	554
1025	556
24	275
457	352
50	539
160	529
771	62
342	525
150	122
929	68
122	391
1086	291
1012	21
920	419
664	584
181	266
594	256
1035	73
158	309
512	186
1051	455
667	254
498	322
258	596
1119	129
118	1
726	42
31	32
969	352
564	480
277	515
627	262
57	303
522	96
671	479
1198	206
519	351
51	591
1119	352
586	567
673	146
519	427
1131	510
481	529
781	497
752	459
208	177
633	469
1124	489
400	188
1125	421
903	56
281	62
995	497
1030	430
334	44
41	150
345	282
182	96
489	178
611	48
983	210
1168	100
695	102
854	564
647	571
959	455
917	537
782	286
614	242
1162	214
269	43
1116	502
573	555
827	598
1160	1
347	328
65	324
621	187
1162	333
307	91
1132	478
215	280
764	288
273	281
888	576
139	462
1079	406
775	55
892	542
1016	412
307	156
602	267
511	241
408	598
1094	116
313	191
876	24
44	28
237	209
199	217
642	131
213	250
494	92
150	238
744	566
112	238
481	404
495	338
995	470
25	552
1139	484
354	567
373	209
439	98
118	489
709	555
270	24
924	595
875	129
195	29
431	309
110	394
1089	513
109	523
434	92
41	465
724	290
805	577
354	286
197	420
907	109
423	432
322	499
238	595
362	204
581	67
968	204
115	108
116	226
964	59
748	310
484	94
707	571
361	67
292	80
972	226
450	72
631	460
271	21
339	194
1007	368
687	282
1185	291
9	365
823	488
161	405
288	412
220	124
966	524
89	313
155	119
781	570
925	229
461	116
340	236
242	102
822	194
821	430
356	242
526	261
21	426
411	48
902	98
601	294
511	40
725	87
508	419
546	92
299	311
1161	143
343	595
856	378
270	299
550	53
940	146
897	531
1072	243
459	478
180	259
1153	6
50	93
1176	210
260	225
907	290
1197	410
763	125
1094	262
577	60
1161	382
1073	198
241	331
17	543
89	440
111	92
860	508
15	429
871	587
548	528
985	65
340	64
598	88
534	467
79	27
327	362
32	36
831	175
1013	378
301	239
806	180
161	180
747	172
1162	504
849	275
143	472
237	149
150	557
1184	443
1006	562
70	501
1090	459
510	304
423	485
665	473
433	11
261	446
254	551
585	500
982	338
291	448
134	79
963	308
883	298
124	72
552	293
860	300
743	143
423	4
91	81
622	472
477	259
496	548
335	194
866	284
297	586
496	598
191	154
24	417
873	85
571	493
716	468
929	449
262	36
723	23
629	253
335	576
216	192
497	574
1157	190
606	435
195	586
96	368
577	574
1068	146
129	589
28	239
975	276
1180	595
288	451
852	349
974	210
339	68
476	540
684	588
7	246
633	62
792	420
690	225
1189	392
1159	467
8	459
979	119
969	510
26	295
751	358
733	543
985	225
1154	95
949	242
1106	129
645	351
463	166
791	262
456	589
1005	488
193	106
544	18
1167	390
863	428
289	301
917	206
890	37
477	536
348	144
695	299
101	150
440	573
1091	107
536	246
1147	466
113	413
184	585
155	154
452	248
35	349
583	491
577	222
50	522
381	98
759	439
466	326
1135	568
292	252
311	125
1092	221
727	528
422	444
477	323
675	79
514	98
82	22
749	170
1150	534
1180	103
62	325
52	459
414	304
1071	359
186	484
296	499
1064	190
16	408
384	112
1021	289
1006	360
504	242
552	347
1028	110
985	322
148	407
870	239
295	558
640	343
178	565
684	540
749	265
1141	131
514	224
98	412
140	442
915	117
147	259
71	501
444	170
512	317
281	262
892	385
600	44
305	183
842	166
43	420
806	438
281	350
865	329
806	29
105	76
819	226
1046	269
576	595
119	535
131	207
1094	167
895	338
1164	87
524	576
1026	342
908	314
615	518
17	135
746	534
520	459
116	195
1126	402
625	242
274	427
711	437
731	47
873	551
381	211
1187	176
546	67
537	42
591	418
953	409
132	149
952	4
848	476
665	260
571	571
845	400
509	308
137	44
1067	173
968	533
319	487
734	591
730	477
528	457
612	122
312	135
369	266
418	445
1140	413
988	513
404	59
619	139
1184	393
648	200
154	208
889	511
217	54
675	546
901	296
481	240
790	547
926	488
563	308
916	521
888	515
338	46
1088	533
881	163
713	560
23	333
394	427
981	85
779	101
704	381
792	309
904	267
393	118
812	117
73	22
1055	202
608	415
1177	80
243	120
744	378
1041	241
977	206
116	364
588	474
386	480
1065	314
567	276
892	427
1176	113
1011	495
1173	476
315	531
944	294
222	50
197	163
993	162
1196	297
202	566
838	319
282	397
399	123
213	62
936	171
1188	500
657	251
660	220
460	276
196	148
664	350
599	165
371	473
653	227
256	6
921	518
786	5
169	497
358	422
255	165
461	456
530	9
738	108
282	152
1007	88
927	156
573	316
165	523
1020	541
76	100
1186	69
619	66
273	109
107	522
548	425
405	210
249	475
830	115
961	299
193	589
336	364
10	357
122	348
10	590
1189	584
627	333
215	261
64	141
58	3
670	330
396	288
699	287
1078	184
998	524
1068	520
802	377
165	304
966	19
238	596
353	354
282	43
700	225
1051	450
880	335
933	6
994	216
1098	74
580	595
972	315
547	590
396	564
334	90
939	220
1065	446
412	256
840	49
100	375
1164	92
1181	468
491	482
387	202
352	482
1166	283
264	463
723	568
1017	84
602	505
997	477
79	65
724	234
538	88
235	373
592	597
928	556
688	160
1036	259
114	336
954	234
1012	159
645	541
21	84
306	182
449	157
914	278
770	556
416	552
401	141
743	534
86	272
860	160
600	321
109	464
987	117
136	60
753	246
197	589
400	348
196	75
983	141
755	177
798	413
737	299
488	12
911	111
228	471
407	478
749	41
922	127
922	105
975	409
794	162
1029	12
994	183
878	322
1198	110
178	168
1109	145
414	74
1097	393
236	537
109	316
40	40
146	324
1001	258
285	424
486	282
177	201
879	329
1170	188
1159	460
50	323
1033	533
137	193
898	199
1198	526
1125	222
8	328
938	556
6	191
246	10
833	34
939	363
395	261
13	478
131	230
483	215
878	116
655	260
1185	465
476	211
463	501
996	289
537	124
1106	50
521	19
997	573
176	225
272	208
20	70
496	514
756	519
261	114
252	386
116	66
1192	255
854	184
1139	438
1094	430
583	321
773	151
884	125
303	504
866	443
688	52
908	412
184	405
993	245
894	598
317	378
678	593
151	330
893	292
824	403
113	600
588	347
916	209
897	74
93	252
317	89
374	246
810	322
27	59
895	441
511	480
1161	249
3	125
547	587
552	48
319	362
1004	95
191	159
1096	2
137	35
1108	412
300	143
612	507
617	157
838	138
295	46
841	156
1175	48
1186	238
723	384
247	433
598	310
1082	179
101	264
695	384
1084	155
652	130
1115	137
279	213
33	29
1040	564
1114	354
142	271
556	261
293	528
101	160
372	491
343	85
39	492
1059	257
434	249
707	147
1191	549
89	299
578	71
516	310
577	555
56	377
290	397
312	443
409	63
301	76
454	416
218	576
354	316
541	529
1146	194
371	492
992	357
359	447
79	102
1168	86
1154	510
96	462
1014	191
659	453
846	381
977	387
32	586
1096	519
892	594
1071	384
926	468
624	218
44	482
4	322
1096	206
172	260
323	496
360	521
253	477
715	418
859	589
6	216
999	296
323	558
441	369
708	171
202	526
888	412
822	555
252	526
641	86
348	133
773	176
640	563
131	574
663	593
80	321
588	114
605	95
761	512
1170	428
580	310
1070	575
860	269
816	315
916	368
907	595
1106	290
29	465
1178	504
907	595
340	285
542	366
101	356
977	573
375	162
458	30
232	57
774	261
412	124
1145	272
593	398
604	495
379	567
680	572
1180	405
285	61
150	98
276	527
532	552
492	594
927	592
92	578
995	558
298	576
691	309
295	90
635	163
850	209
493	107
28	580
379	148
1065	444
924	582
871	457
529	366
976	343
678	596
1185	251
32	3
772	495
1078	402
636	364
428	301
99	63
183	433
334	182
958	191
655	377
693	573
1162	571
176	45
531	69
448	578
331	50
254	354
390	281
318	343
1049	36
593	298
887	451
632	570
1139	51
265	147
1060	121
706	232
1027	283
165	231
557	64
648	539
948	565
929	600
1111	485
950	43
1088	370
156	194
1171	418
662	320
1035	374
695	568
458	255
1136	500
136	387
747	121
940	331
798	367
344	524
774	170
370	94
59	276
984	591
18	494
966	205
35	124
955	148
654	507
73	510
981	55
155	345
1079	141
288	40
1199	201
1056	316
712	496
907	353
1196	490
90	239
879	306
699	386
1079	559
1025	101
508	253
412	104
286	572
1148	566
743	528
970	518
630	343
985	287
913	126
153	538
399	442
263	17
600	230
120	247
948	503
1158	339
885	572
603	518
41	131
20	502
1135	469
124	445
576	104
1102	348
563	400
437	468
143	34
794	133
737	136
675	573
231	203
110	88
751	517
853	204
522	359
507	499
456	116
69	176
989	338
481	548
939	109
13	287
387	177
771	78
470	416
842	157
1005	364
354	537
506	118
947	340
1116	594
442	201
822	508
118	325
1047	476
1134	599
239	531
709	452
813	74
722	226
322	45
978	222
610	357
432	383
1120	384
531	474
296	597
881	294
1047	130
1065	428
1086	363
567	24
170	422
907	269
1032	143
871	77
1083	193
132	165
834	429
863	252
209	162
808	241
523	399
644	495
202	117
328	22
460	513
145	241
509	413
1006	73
521	44
100	432
804	108
498	145
589	424
1075	271
765	284
165	102
968	168
818	260
37	314
714	118
218	256
103	262
753	310
891	272
884	203
367	216
487	81
266	185
290	42
914	223
159	508
587	131
166	210
888	452
692	382
778	184
1077	227
732	394
698	385
1058	126
796	582
548	14
1146	592
284	374
360	10
926	519
190	401
289	598
805	162
986	138
418	289
859	427
947	460
641	398
648	253
255	226
516	55
954	132
602	442
990	492
364	143
520	117
797	223
1020	128
978	55
15	566
648	417
786	278
277	143
154	360
1060	378
616	456
558	44
689	360
701	270
1140	330
510	265
297	593
653	446
783	43
1197	521
162	166
1101	386
207	508
951	5
721	38
191	211
1199	390
971	159
532	43
147	489
942	425
1070	102
200	535
136	497
377	491
896	71
615	411
109	298
654	68
415	95
385	141
787	169
473	76
328	120
639	159
721	274
343	407
190	536
138	88
699	248
310	598
332	331
553	297
695	78
605	281
628	428
952	312
179	496
1026	232
555	435
384	522
1081	355
138	480
32	217
801	394
248	523
784	237
1187	185
263	25
795	47
883	276
814	491
1023	180
814	339
74	276
626	270
132	387
245	73
1018	424
604	141
407	440
1063	575
48	73
98	97
137	450
543	158
436	180
66	343
339	154
367	449
723	144
1180	393
1066	225
94	6
1041	388
291	403
632	532
572	600
468	310
382	504
1078	344
182	227
375	583
387	39
652	469
1022	582
1177	550
623	394
380	125
595	43
131	216
924	106
341	564
650	499
593	39
1083	217
681	319
889	139
1047	344
712	419
504	387
898	512
419	399
89	350
740	258
108	397
479	75
1059	426
375	209
171	79
146	530
751	134
1	510
41	255
580	392
77	36
62	100
489	485
330	218
310	347
830	209
651	510
1086	484
500	67
206	12
1145	501
731	106
869	386
619	86
1024	398
980	194
830	599
962	521
890	421
96	350
781	253
756	484
1055	469
32	61
957	595
282	256
432	102
124	575
479	534
796	12
597	155
74	539
1161	32
495	41
975	598
1143	357
1087	171
115	553
975	267
779	533
708	382
89	498
209	581
57	400
894	510
206	3
843	150
629	581
827	41
884	223
700	400
250	31
279	345
29	364
1192	523
757	521
111	6
90	594
1054	546
936	495
1042	474
544	434
422	100
177	250
877	54
456	434
899	97
213	150
142	537
1021	177
663	589
649	16
704	98
654	503
838	359
738	184
1006	382
397	447
195	306
15	255
173	423
705	123
1033	379
1194	469
368	109
485	442
359	141
177	84
1001	100
65	294
181	535
1060	508
208	454
272	164
968	65
371	476
27	69
937	464
1064	308
1058	462
941	536
611	90
311	521
84	436
420	45
1106	468
737	236
1081	39
285	153
76	388
792	61
637	353
945	108
604	307
1188	82
339	551
1003	96
836	42
497	537
263	115
762	86
94	95
126	461
821	32
1171	592
306	309
1074	46
905	437
1089	492
415	369
1071	184
961	474
61	416
313	384
830	250
648	97
18	143
351	281
24	422
568	587
1104	373
20	487
1092	125
358	277
66	247
384	112
745	160
1174	60
635	501
729	180
201	166
923	139
736	221
411	269
333	369
818	587
254	54
388	576
824	225
600	555
449	536
290	79
1129	109
418	113
315	521
133	132
506	233
255	414
455	442
544	173
1197	102
70	540
561	42
505	572
806	250
1005	327
629	189
344	111
736	573
908	281
870	290
1193	371
139	293
1065	370
1047	367
39	489
45	314
617	399
570	78
1107	556
157	487
653	3
352	42
1023	413
993	185
145	197
752	133
484	260
1137	498
555	32
990	333
1154	100
478	44
1	574
499	37
1128	148
869	197
306	147
36	566
1072	501
157	231
592	212
210	91
272	86
887	433
26	76
477	340
968	173
246	91
1110	258
276	478
718	294
32	56
28	265
799	477
317	556
254	344
1002	294
383	98
894	120
669	265
216	40
378	478
37	61
1061	403
106	111
913	36
604	506
410	191
805	235
989	452
1116	560
287	162
44	220
1099	43
176	411
714	435
1136	275
1174	569
538	102
948	396
540	69
763	408
665	45
19	548
226	268
704	425
1134	577
326	258
486	298
478	481
113	535
919	133
441	368
3	261
17	203
1135	3
1116	589
342	128
628	106
725	212
1095	510
388	109
912	269
728	50
60	349
136	586
705	160
516	215
209	532
942	222
1177	414
203	391
749	145
486	553
117	360
389	192
225	313
558	443
1155	107
993	516
982	35
56	134
177	143
871	100
422	95
1040	220
316	75
920	196
117	252
369	476
421	28
360	541
823	462
194	358
445	466
353	536
987	469
959	391
736	128
390	83
271	281
261	46
1129	359
137	254
908	318
837	80
242	544
432	294
868	401
611	297
596	42
87	348
480	250
379	449
621	280
25	150
952	283
1145	469
1195	532
913	196
28	6
1017	565
489	195
515	73
455	168
1066	330
683	71
493	3
730	62
678	141
541	247
883	533
551	338
372	479
1123	458
414	339
837	67
446	574
411	272
511	211
75	304
156	545
373	288
1079	37
564	559
905	214
243	528
249	428
607	382
151	65
337	245
1157	102
134	273
562	371
899	184
1174	395
472	426
541	544
525	47
976	260
521	158
196	360
391	130
74	519
135	22
714	395
689	223
464	505
393	69
1001	177
404	151
231	172
509	245
799	210
1164	103
351	284
766	490
908	296
53	22
468	511
913	125
1008	240
36	19
275	589
334	24
563	410
795	46
512	346
358	564
1003	413
1199	124
625	519
384	577
1086	40
736	274
469	168
1029	272
503	373
394	320
135	62
899	556
866	500
755	239
1143	204
446	333
710	15
23	183
123	524
562	151
140	132
556	227
634	243
1140	555
68	145
637	366
684	168
383	185
789	543
971	243
455	53
167	427
142	198
1185	61
74	125
158	80
79	479
849	121
1167	51
941	468
351	409
426	77
880	187
541	176
486	246
275	520
1102	215
268	67
165	165
662	76
1002	410
74	560
1060	539
601	577
142	111
145	113
333	551
691	166
980	312
776	263
121	39
445	399
81	178
978	219
191	358
227	383
53	279
84	132
464	381
894	83
1183	63
634	118
107	183
147	252
225	395
199	478
27	68
560	431
540	562
860	7
938	495
1142	221
333	113
166	425
667	128
226	48
524	359
73	467
1197	415
38	301
715	478
748	395
43	45
255	151
211	198
796	411
549	268
599	419
913	431
312	110
907	525
123	61
986	373
845	373
326	545
82	279
920	93
169	330
76	466
1195	328
463	527
1196	377
928	414
466	163
79	62
277	117
267	368
60	235
1076	154
732	457
118	354
1168	241
487	527
392	457
963	265
515	53
950	546
997	172
497	567
881	579
835	97
17	114
1074	274
1090	413
540	118
882	474
130	363
432	507
854	546
416	402
198	311
620	387
1120	199
181	334
1173	419
660	446
728	134
1145	83
814	189
614	52
31	312
461	17
212	181
157	240
741	115
811	547
736	66
152	177
161	597
681	164
295	406
1046	331
250	185
676	557
1096	544
774	192
470	48
182	531
318	462
477	496
122	530
1141	484
593	127
545	267
399	175
1125	471
606	237
355	319
41	298
1172	253
414	205
103	273
893	579
886	266
474	456
19	571
540	254
503	543
786	7
1006	268
669	225
924	190
707	159
9	454
902	331
1066	304
285	498
1072	356
1178	118
901	370
1131	27
143	394
689	283
181	501
451	241
987	243
121	35
1074	310
747	350
722	57
318	355
673	467
253	499
1035	297
299	519
567	62
251	123
1094	265
266	527
116	459
95	333
497	168
909	26
492	291
111	341
1065	193
22	118
540	366
169	518
309	422
836	519
744	441
335	521
500	39
366	77
88	162
1013	482
502	499
750	521
857	370
270	98
1173	591
785	447
439	352
615	446
549	589
796	422
61	182
741	218
406	298
130	113
838	235
590	295
450	169
982	55
266	442
950	86
792	371
983	490
1133	598
292	320
425	41
1039	169
429	481
770	313
264	298
296	498
501	210
831	310
392	529
1061	9
627	75
867	34
239	471
776	181
111	68
47	118
328	269
453	200
1011	565
408	95
922	438
737	340
162	180
515	338
746	347
1187	496
867	580
1035	589
847	304
380	430
1106	295
1052	395
552	247
693	156
905	126
954	109
1077	114
823	54
1047	72
648	514
654	367
582	111
89	57
1112	18
541	530
846	206
375	75
1115	83
790	182
508	508
915	246
940	237
1054	401
460	435
81	160
734	57
374	111
365	302
488	403